         8	    0.000000739
        16	    0.000000830
        32	    0.000000870
        64	    0.000001051
       128	    0.000001049
       256	    0.000001159
       512	    0.000001149
      1024	    0.000001218
      2048	    0.000001419
      4096	    0.000002260
      8192	    0.000005009
     16384	    0.000005782
     32768	    0.000008850
     65536	    0.000015011
    131072	    0.000031140
    262144	    0.000055420
    524288	    0.000105982
   1048576	    0.000197108
   2097152	    0.000365050
   4194304	    0.000701780
   8388608	    0.001391902
  16777216	    0.002760222
  33554432	    0.005701230
  67108864	    0.011646471
 134217728	    0.023578811
 268435456	    0.047574840
 536870912	    0.095276291
1073741824	    0.189674690
