         8	    0.000003910
        16	    0.000002320
        32	    0.000002220
        64	    0.000002651
       128	    0.000002511
       256	    0.000002279
       512	    0.000002389
      1024	    0.000004590
      2048	    0.000003200
      4096	    0.000010071
      8192	    0.000032279
     16384	    0.000015280
     32768	    0.000026779
     65536	    0.000057728
    131072	    0.000067289
    262144	    0.000057499
    524288	    0.000091960
   1048576	    0.000188332
   2097152	    0.000309041
   4194304	    0.000663278
   8388608	    0.001201320
  16777216	    0.002808862
  33554432	    0.005430028
  67108864	    0.010519140
 134217728	    0.020835760
 268435456	    0.039182019
 536870912	    0.084291530
1073741824	    0.161822460
