  8  3.141540  4.554
  8  3.141649  5.055
  8  3.141540  4.957
  8  3.141628  4.618
  8  3.141615  4.984
  8  3.141580  4.965
  8  3.141603  4.757
  8  3.141563  4.974
  8  3.141551  4.670
  8  3.141584  4.970
 16  3.141431  2.562
 16  3.141535  2.576
 16  3.141622  2.577
 16  3.141545  2.561
 16  3.141615  2.569
 16  3.141587  2.569
 16  3.141641  2.582
 16  3.141585  2.562
 16  3.141598  2.562
 16  3.141524  2.569
 32  3.141651  1.324
 32  3.141615  1.324
 32  3.141570  1.319
 32  3.141642  1.324
 32  3.141558  1.323
 32  3.141692  1.323
 32  3.141553  1.321
 32  3.141525  1.322
 32  3.141585  1.322
 32  3.141602  1.321
 64  3.141611  0.663
 64  3.141560  0.663
 64  3.141635  0.663
 64  3.141531  0.663
 64  3.141594  0.660
 64  3.141601  0.662
 64  3.141521  0.660
 64  3.141528  0.660
 64  3.141531  0.661
 64  3.141654  0.661
128  3.141622  0.875
128  3.141643  0.657
128  3.141634  0.650
128  3.141571  0.653
128  3.141592  0.655
128  3.141668  0.906
128  3.141570  0.657
128  3.141629  0.649
128  3.141624  0.655
128  3.141516  0.912
