  8  3.141549  4.477
  8  3.141639  4.932
  8  3.141688  4.885
  8  3.141594  4.482
  8  3.141645  4.555
  8  3.141591  4.578
  8  3.141579  4.901
  8  3.141591  4.827
  8  3.141700  4.911
  8  3.141543  4.694
 16  3.141636  2.646
 16  3.141609  2.548
 16  3.141626  2.591
 16  3.141590  2.549
 16  3.141673  2.548
 16  3.141598  2.645
 16  3.141607  2.551
 16  3.141552  2.613
 16  3.141555  2.612
 16  3.141515  2.549
 32  3.141629  1.321
 32  3.141564  1.319
 32  3.141605  1.323
 32  3.141605  1.323
 32  3.141657  1.324
 32  3.141557  1.322
 32  3.141579  1.323
 32  3.141504  1.323
 32  3.141546  1.319
 32  3.141629  1.325
 64  3.141599  0.659
 64  3.141745  0.658
 64  3.141600  0.661
 64  3.141565  0.658
 64  3.141643  0.658
 64  3.141536  0.658
 64  3.141620  0.659
 64  3.141626  0.661
 64  3.141602  0.658
 64  3.141548  0.658
128  3.141583  0.626
128  3.141626  0.643
128  3.141605  0.651
128  3.141505  0.649
128  3.141659  0.642
128  3.141623  0.634
128  3.141570  0.636
128  3.141511  0.637
128  3.141572  0.627
128  3.141636  0.638
