  8  3.141576  4.217
  8  3.141607  4.739
  8  3.141570  4.272
  8  3.141579  4.748
  8  3.141525  4.778
  8  3.141610  4.265
  8  3.141608  4.809
  8  3.141613  4.234
  8  3.141546  4.261
  8  3.141603  4.817
 16  3.141638  2.653
 16  3.141586  2.648
 16  3.141655  2.645
 16  3.141643  2.306
 16  3.141562  2.309
 16  3.141491  2.643
 16  3.141524  2.622
 16  3.141613  2.645
 16  3.141642  2.651
 16  3.141614  2.662
 32  3.141519  1.319
 32  3.141576  1.291
 32  3.141533  1.168
 32  3.141559  1.292
 32  3.141683  1.290
 32  3.141571  1.294
 32  3.141555  1.248
 32  3.141669  1.322
 32  3.141533  1.313
 32  3.141565  1.293
 64  3.141574  0.658
 64  3.141484  0.661
 64  3.141647  0.658
 64  3.141612  0.658
 64  3.141708  0.658
 64  3.141532  0.658
 64  3.141620  0.658
 64  3.141530  0.659
 64  3.141588  0.658
 64  3.141659  0.661
128  3.141542  0.646
128  3.141623  0.634
128  3.141647  0.635
128  3.141589  0.628
128  3.141507  0.645
128  3.141505  0.650
128  3.141498  0.638
128  3.141607  0.624
128  3.141497  0.649
128  3.141659  0.631
