  8  3.141705  4.490
  8  3.141629  4.693
  8  3.141565  4.584
  8  3.141579  4.483
  8  3.141682  4.504
  8  3.141536  4.493
  8  3.141619  4.514
  8  3.141551  4.474
  8  3.141527  4.524
  8  3.141591  4.496
 16  3.141562  2.546
 16  3.141565  2.545
 16  3.141691  2.545
 16  3.141551  2.546
 16  3.141610  2.552
 16  3.141640  2.606
 16  3.141601  2.547
 16  3.141568  2.638
 16  3.141575  2.548
 16  3.141651  2.546
 32  3.141620  1.320
 32  3.141599  1.321
 32  3.141532  1.317
 32  3.141667  1.321
 32  3.141666  1.320
 32  3.141657  1.321
 32  3.141585  1.321
 32  3.141528  1.322
 32  3.141569  1.322
 32  3.141525  1.322
 64  3.141571  0.658
 64  3.141620  0.659
 64  3.141561  0.660
 64  3.141576  0.660
 64  3.141562  0.660
 64  3.141636  0.660
 64  3.141563  0.658
 64  3.141635  0.661
 64  3.141580  0.658
 64  3.141580  0.659
128  3.141629  0.650
128  3.141518  0.656
128  3.141647  0.641
128  3.141565  0.640
128  3.141614  0.629
128  3.141518  0.649
128  3.141645  0.629
128  3.141574  0.649
128  3.141543  0.637
128  3.141676  0.653
