  8  3.141686  4.474
  8  3.141450  4.534
  8  3.141657  4.476
  8  3.141629  4.566
  8  3.141558  4.479
  8  3.141583  4.792
  8  3.141531  4.907
  8  3.141602  4.830
  8  3.141575  4.682
  8  3.141611  4.583
 16  3.141710  2.627
 16  3.141559  2.645
 16  3.141646  2.547
 16  3.141542  2.630
 16  3.141636  2.602
 16  3.141613  2.623
 16  3.141687  2.548
 16  3.141578  2.552
 16  3.141644  2.547
 16  3.141517  2.541
 32  3.141652  1.323
 32  3.141506  1.321
 32  3.141513  1.320
 32  3.141578  1.321
 32  3.141536  1.322
 32  3.141602  1.322
 32  3.141574  1.319
 32  3.141534  1.322
 32  3.141680  1.323
 32  3.141526  1.319
 64  3.141662  0.660
 64  3.141570  0.659
 64  3.141532  0.659
 64  3.141559  0.664
 64  3.141585  0.662
 64  3.141571  0.660
 64  3.141663  0.659
 64  3.141650  0.660
 64  3.141671  0.662
 64  3.141726  0.662
128  3.141513  0.664
128  3.141542  0.664
128  3.141664  0.664
128  3.141604  0.645
128  3.141570  0.663
128  3.141621  0.643
128  3.141563  0.656
128  3.141651  0.652
128  3.141607  0.663
128  3.141554  0.640
